chilcotin-river-landslide:
  datetime: 2024-07-30/2024-08-15
  lat: 51.83
  lon: -122.78
elkhema:
  datetime: 2022-08-06/
  lat: 49.281209
  lon: -123.130760
